23	24
1010 1010 1010 1010 1010 1010 1010 1010 1010 1010 1010 1010 1010 1010 1010 1010 1010 69003404 67430472 67430472 1010 1010 1010 1010 
1010 1010 1010 1010 1010 1010 1010 1010 1010 1010 1010 1010 1010 1010 1010 1010 1010 69003404 69789848 69789848 68725760 68725760 1010 1010 
1010 1010 1010 1010 1010 1010 1010 1010 1010 1010 1010 1010 1010 1010 1010 70576272 69003404 69789848 70571008 70571008 69789848 69789848 68725760 1010 
1010 1010 1010 1010 1010 1010 1010 1010 1010 1010 1010 1010 1010 1010 70576272 70576272 69789848 70571008 67692616 67692616 70571008 70571008 69789848 73197700 
1010 1010 1010 1010 1010 1010 1010 1010 1010 1010 1010 1010 1010 1010 70576272 67692616 67692616 69789848 70293504 73197700 73197700 73197700 70571008 73197700 
1010 1010 1010 1010 1010 1010 1010 1010 1010 1010 1010 1010 1010 70576272 70576272 67692616 67692616 69789848 73197700 68725760 69789848 69789848 73197700 73197700 
1010 1010 1010 1010 1010 1010 1010 1010 1010 1010 1010 1010 71100580 70576272 69789848 67692616 69789848 70571008 73197700 69789848 68725760 69789848 73197700 68446208 
1010 1010 1010 1010 1010 1010 1010 1010 1010 1010 1010 71100580 71100580 73197700 69789848 69789848 69789848 69789848 69789848 69789848 70293504 69789848 73197700 68446208 
1010 1010 1010 1010 1010 1010 1010 1010 1010 1010 1010 71100580 71100580 69789848 69789848 69789848 68725760 73197700 73197700 73197700 70571008 69789848 73197700 67150880 
1010 1010 1010 1010 1010 1010 1010 1010 1010 1010 1010 1010 70576296 69789848 69789848 73197700 69789848 68725760 69789848 70571008 70571008 69789848 67150880 69241856 
1010 1010 1010 1010 1010 1010 1010 1010 1010 1010 1010 70576296 69789848 69789848 68725760 69789848 69789848 71868416 69789848 69789848 70571008 67150880 67150880 69241856 
1010 1010 1010 1010 1010 1010 1010 1010 1010 1010 1010 73197700 69789848 69789848 69789848 69789848 68725760 73197700 69789848 70571008 67150880 69241856 67150880 69241856 
1010 1010 1010 1010 1010 1010 1010 1010 1010 1010 1010 1010 73197700 68725760 73197700 73197700 73197700 73197700 73197700 69789848 69241856 69241856 68971520 68446208 
1010 1010 1010 1010 1010 1010 1010 1010 1010 1010 1010 1010 1010 68725760 69789848 73197700 73197700 73197700 69789848 69789848 67150880 67150880 68971520 68446208 
1010 1010 1010 1010 1010 1010 1010 1010 1010 1010 1010 1010 1010 70562816 73197700 73197700 73197700 68725760 69789848 69789848 70571008 68971520 67150880 67150880 
1010 1010 1010 1010 1010 1010 1010 1010 1010 1010 1010 1010 1010 68725760 68725760 73197700 73197700 68725760 69789848 69789848 71868416 69789848 70293504 68971520 
1010 1010 1010 1010 1010 1010 1010 1010 1010 1010 1010 1010 1010 68725760 69789848 68725760 68725760 68725760 69789848 69789848 69789848 69789848 70293504 70293504 
1010 1010 1010 1010 1010 1010 1010 1010 1010 1010 1010 1010 1010 1010 68725760 69789848 68725760 69789848 73197700 69789848 73197700 70293504 70293504 68971520 
1010 1010 1010 1010 1010 1010 1010 1010 1010 1010 1010 1010 1010 1010 68725760 69789848 69789848 69789848 73197700 73197700 73197700 70293504 68971520 68971520 
1010 1010 1010 1010 1010 1010 1010 1010 1010 1010 1010 1010 1010 1010 1010 70562816 69789848 69789848 73197700 67150880 67150880 67150880 68446208 70293504 
1010 1010 1010 1010 1010 1010 1010 1010 1010 1010 1010 1010 1010 1010 1010 1010 70562816 69789848 69789848 67150880 68446208 68446208 70293504 1010 
1010 1010 1010 1010 1010 1010 1010 1010 1010 1010 1010 1010 1010 1010 1010 1010 1010 70562816 73197700 68446208 70293504 1010 1010 1010 
1010 1010 1010 1010 1010 1010 1010 1010 1010 1010 1010 1010 1010 1010 1010 1010 1010 1010 70562816 70293504 1010 1010 1010 1010 
