23	24
1010 1010 1010 1010 1010 1010 1010 1010 1010 1010 1010 1010 1010 1010 1010 1010 1010 1010 1010 1010 1010 1010 1010 1010 
1010 1010 1010 1010 1010 1010 1010 1010 1010 1010 1010 1010 1010 1010 1010 1010 1010 1010 1010 1010 1010 1010 1010 1010 
1010 1010 1010 1010 1010 1010 1010 1010 1010 1010 1010 1010 1010 1010 1010 1010 1010 1010 1010 67163256 69789848 72411220 67155076 1010 
1010 1010 1010 1010 1010 1010 1010 1010 1010 1010 1010 1010 1010 1010 1010 1010 69789848 67163256 67163256 67692616 67142756 67155076 67155076 67155076 
1010 1010 1010 1010 1010 1010 1010 1010 1010 1010 1010 1010 1010 1010 1010 72411244 67157124 69789848 67161236 67161236 67155076 67142756 67155076 67155076 
1010 1010 1010 1010 1010 1010 1010 1010 1010 1010 1010 1010 1010 1010 72411256 72411244 72411244 69789848 74246268 67153036 67161236 67155076 67155076 67155076 
1010 1010 1010 1010 1010 1010 1010 1010 1010 1010 1010 1010 1010 70576272 69789848 67142756 69789848 72673404 67163276 67161236 67161236 67142756 67162256 67155076 
1010 1010 1010 1010 1010 1010 1010 1010 1010 1010 1010 1010 71100580 73197700 69789848 67160224 69789848 67161236 67163276 69789848 71887012 67161236 67142756 67145832 
1010 1010 1010 1010 1010 1010 1010 1010 1010 1010 1010 1010 71100580 69789848 67163256 69789848 72673404 67163256 67161236 67161236 67161236 67161236 67146864 67142756 
1010 1010 1010 1010 1010 1010 1010 1010 1010 1010 1010 1010 1010 69789848 69789848 67157124 69789848 67163276 69789848 67161236 67161236 67161236 67155076 67142756 
1010 1010 1010 1010 1010 1010 1010 1010 1010 1010 1010 1010 1010 69789848 67163256 69789848 69789848 67153036 69789848 67161236 67161236 67156116 67156116 67142756 
1010 1010 1010 1010 1010 1010 1010 1010 1010 1010 1010 1010 1010 1010 69789848 69789848 67157124 67161236 69789848 71887012 67161236 67156116 67142756 67146864 
1010 1010 1010 1010 1010 1010 1010 1010 1010 1010 1010 1010 1010 72411256 73197700 73197700 67161236 67163276 67163276 69789848 67155076 67162256 67146864 67142756 
1010 1010 1010 1010 1010 1010 1010 1010 1010 1010 1010 1010 1010 72411256 67161236 67157124 67163276 73197700 69789848 67166352 67162256 67162256 67146864 67142756 
1010 1010 1010 1010 1010 1010 1010 1010 1010 1010 1010 1010 1010 1010 75294880 67161236 73197700 71887012 67163276 67166352 67155076 67155076 67146864 67142756 
1010 1010 1010 1010 1010 1010 1010 1010 1010 1010 1010 1010 1010 1010 1010 73197700 67157124 71887012 67161236 67166352 67155076 67146864 67142756 67155076 
1010 1010 1010 1010 1010 1010 1010 1010 1010 1010 1010 1010 1010 1010 1010 1010 75294880 75294880 67157124 69789848 67146864 67142756 67155076 75819168 
1010 1010 1010 1010 1010 1010 1010 1010 1010 1010 1010 1010 1010 1010 1010 1010 1010 69789848 67161236 69789848 67142756 67155076 67155076 75819168 
1010 1010 1010 1010 1010 1010 1010 1010 1010 1010 1010 1010 1010 1010 1010 1010 1010 1010 67161236 67161236 67161236 67161236 67157124 1010 
1010 1010 1010 1010 1010 1010 1010 1010 1010 1010 1010 1010 1010 1010 1010 1010 1010 1010 1010 1010 71100540 71100540 1010 1010 
1010 1010 1010 1010 1010 1010 1010 1010 1010 1010 1010 1010 1010 1010 1010 1010 1010 1010 1010 1010 1010 1010 1010 1010 
1010 1010 1010 1010 1010 1010 1010 1010 1010 1010 1010 1010 1010 1010 1010 1010 1010 1010 1010 1010 1010 1010 1010 1010 
1010 1010 1010 1010 1010 1010 1010 1010 1010 1010 1010 1010 1010 1010 1010 1010 1010 1010 1010 1010 1010 1010 1010 1010 
