23	24
1010 1010 1010 1010 1010 1010 1010 1010 1010 1010 1010 1010 1010 1010 1010 1010 1010 1010 1010 1010 1010 1010 1010 1010 
1010 1010 1010 1010 1010 1010 1010 1010 1010 1010 1010 1010 1010 1010 1010 1010 1010 1010 1010 1010 1010 1010 1010 1010 
1010 1010 1010 1010 1010 1010 1010 1010 1010 1010 1010 1010 1010 1010 1010 1010 1010 1010 1010 1010 1010 1010 1010 1010 
1010 1010 1010 1010 1010 1010 67371192 67371192 67371192 1010 1010 1010 1010 1010 1010 1010 1010 1010 1010 1010 1010 1010 1010 1010 
1010 1010 1010 1010 1010 67371192 67371192 67371192 67371192 67371192 1010 1010 1010 1010 1010 1010 1010 1010 1010 1010 1010 1010 1010 1010 
1010 1010 1010 1010 67371180 67633344 67371192 67371192 67371192 67371192 67371192 1010 1010 1010 1010 1010 1010 1010 1010 1010 1010 1010 1010 1010 
1010 1010 1010 1010 67371180 67371228 67371192 67371192 67371192 67371192 67371192 67371192 1010 1010 1010 1010 1010 1010 1010 1010 1010 1010 1010 1010 
1010 1010 1010 1010 67371180 67371228 67371192 67371192 67371192 67371192 67371192 67371192 67371192 1010 1010 1010 1010 1010 1010 1010 1010 1010 1010 1010 
1010 1010 1010 1010 67371180 67633344 67371228 67371192 67371192 67371192 67371192 67371192 67371192 67371192 1010 1010 1010 1010 1010 1010 1010 1010 1010 1010 
1010 1010 1010 1010 1010 67371180 67371192 67371228 67371192 67371192 67371192 67371192 67371192 67371192 67371192 1010 1010 1010 1010 1010 1010 1010 1010 1010 
1010 1010 1010 1010 1010 67371180 67371192 67371192 67371192 67371192 67371192 67371192 67371192 67371192 67371192 67371192 1010 1010 1010 1010 1010 1010 1010 1010 
1010 1010 1010 1010 1010 1010 67371180 67371192 67371192 67371192 67371192 67371192 67371192 67371192 67371192 67371192 67371192 1010 1010 1010 1010 1010 1010 1010 
1010 1010 1010 1010 1010 67633300 67633300 67633300 67633300 67633300 67633300 67633300 67633300 67633300 67633300 67633300 1010 1010 1010 1010 1010 1010 1010 1010 
1010 1010 1010 1010 1010 67633300 67633300 67633344 67633300 67633300 67633300 67633300 67633300 67633300 67633300 1010 1010 1010 1010 1010 1010 1010 1010 1010 
1010 1010 1010 1010 67633300 67633300 67633344 67633300 67633300 67633300 67633300 67633300 67633300 67633300 1010 1010 1010 1010 1010 1010 1010 1010 1010 1010 
1010 1010 1010 1010 67633300 67633344 67633300 67633300 67633300 67633300 67633300 67633300 67633300 1010 1010 1010 1010 1010 1010 1010 1010 1010 1010 1010 
1010 1010 1010 1010 67633300 67633344 67633300 67633300 67633300 67633300 67633300 67633300 1010 1010 1010 1010 1010 1010 1010 1010 1010 1010 1010 1010 
1010 1010 1010 1010 67633300 67633300 67633300 67633300 67633300 67633300 67633300 1010 1010 1010 1010 1010 1010 1010 1010 1010 1010 1010 1010 1010 
1010 1010 1010 1010 1010 67633300 67633300 67633300 67633300 67633300 1010 1010 1010 1010 1010 1010 1010 1010 1010 1010 1010 1010 1010 1010 
1010 1010 1010 1010 1010 1010 67633300 67633300 67633300 1010 1010 1010 1010 1010 1010 1010 1010 1010 1010 1010 1010 1010 1010 1010 
1010 1010 1010 1010 1010 1010 1010 1010 1010 1010 1010 1010 1010 1010 1010 1010 1010 1010 1010 1010 1010 1010 1010 1010 
1010 1010 1010 1010 1010 1010 1010 1010 1010 1010 1010 1010 1010 1010 1010 1010 1010 1010 1010 1010 1010 1010 1010 1010 
1010 1010 1010 1010 1010 1010 1010 1010 1010 1010 1010 1010 1010 1010 1010 1010 1010 1010 1010 1010 1010 1010 1010 1010 
