23	24
1010 1010 1010 1010 1010 1010 1010 1010 1010 1010 1010 68452584 68448488 1010 1010 1010 1010 1010 1010 1010 1010 1010 1010 1010 
1010 1010 1010 1010 1010 1010 1010 1010 1010 1010 1010 1010 68452584 68448488 68448488 1010 1010 1010 1010 1010 1010 1010 1010 1010 
1010 1010 1010 1010 1010 1010 1010 1010 1010 1010 1010 1010 1010 82350092 68452584 68448488 1010 1010 1010 1010 1010 1010 1010 1010 
1010 1010 1010 1010 1010 1010 1010 1010 1010 1010 1010 1010 1010 1010 68452584 68452584 68448488 1010 1010 1010 1010 1010 1010 1010 
1010 1010 1010 1010 1010 1010 1010 1010 1010 1010 1010 1010 1010 1010 82350092 82350092 68452584 68448488 1010 1010 1010 1010 1010 1010 
1010 1010 1010 1010 1010 1010 1010 1010 1010 1010 1010 1010 1010 1010 68452584 68452584 68452584 68452584 82341908 1010 1010 1010 1010 1010 
1010 1010 1010 1010 1010 1010 1010 1010 1010 1010 1010 1010 1010 82350092 68452584 68452584 68452584 68452584 68452584 68448488 1010 1010 1010 1010 
1010 1010 1010 1010 1010 1010 1010 1010 1010 1010 1010 1010 68452584 68452584 82350092 68452584 68452584 68452584 68452584 68452584 67658984 67924200 1010 1010 
1010 1010 1010 1010 1010 1010 1010 1010 1010 1010 1010 82350092 82350092 68452584 68452584 68452584 68452584 68452584 68452584 67924200 1010 67924200 1010 1010 
1010 1010 1010 1010 1010 1010 1010 1010 1010 1010 68452584 68452584 68452584 68452584 68452584 68452584 68452584 82351148 67924200 67924200 1010 1010 1010 1010 
67111020 67111020 1010 1010 1010 1010 1010 1010 1010 82350092 68452584 68452584 68452584 68452584 68452584 82351148 68452584 68452584 82351148 68448488 67658984 68448488 68448488 68448488 
1010 67111020 67114088 67114088 67114088 67114088 67112040 68445416 68445416 67924200 68452584 68452584 68452584 68452584 68452584 68452584 82350092 67924200 67924200 82336788 1010 1010 1010 68448488 
1010 1010 67114088 67114088 67114088 67114088 67112040 68707560 68445416 68445416 67924200 68452584 68452584 68452584 82347036 67924200 67924200 82336788 67658984 1010 1010 1010 1010 1010 
1010 67112040 67112060 69730528 67109972 67114088 67112040 68707560 68445416 68445416 68445416 67924200 68452584 68452584 67924200 82336788 67658984 1010 1010 1010 1010 1010 1010 1010 
67112040 67112040 67112060 67114088 67114088 67114088 67112040 68707560 68441320 67658984 67658984 67658984 67928296 67658984 67658984 1010 1010 1010 1010 1010 1010 1010 1010 1010 
1010 1010 67112060 67114088 67114088 67114088 67112040 68707560 68441320 1010 1010 1010 67928296 1010 1010 1010 1010 1010 1010 1010 1010 1010 1010 1010 
1010 1010 67112060 67114088 67114088 67114088 67112040 1010 68441320 1010 1010 1010 67928296 67928296 1010 1010 1010 1010 1010 1010 1010 1010 1010 1010 
1010 1010 67112060 67114088 67114088 67114088 67112040 1010 68441320 1010 1010 1010 1010 1010 1010 1010 1010 1010 1010 1010 1010 1010 1010 1010 
1010 1010 67112060 67114088 67114088 67114088 67111012 1010 68441320 1010 1010 1010 1010 1010 1010 1010 1010 1010 1010 1010 1010 1010 1010 1010 
1010 67111032 67112060 67114088 67114088 67114088 67112040 1010 1010 1010 1010 1010 1010 1010 1010 1010 1010 1010 1010 1010 1010 1010 1010 1010 
67111032 67114116 67114088 67114088 67114088 67114088 67111012 1010 1010 1010 1010 1010 1010 1010 1010 1010 1010 1010 1010 1010 1010 1010 1010 1010 
1010 1010 67114088 67114088 67112040 67109988 67114076 1010 1010 1010 1010 1010 1010 1010 1010 1010 1010 1010 1010 1010 1010 1010 1010 1010 
1010 1010 1010 1010 1010 1010 1010 1010 1010 1010 1010 1010 1010 1010 1010 1010 1010 1010 1010 1010 1010 1010 1010 1010 
