23	24
1010 1010 1010 1010 1010 1010 1010 1010 1010 1010 1010 1010 1010 1010 1010 1010 1010 1010 1010 1010 1010 1010 1010 1010 
1010 1010 1010 1010 1010 1010 1010 1010 1010 1010 1010 1010 1010 1010 1010 1010 1010 1010 1010 1010 1010 1010 1010 1010 
1010 1010 1010 1010 1010 1010 1010 1010 1010 1010 1010 1010 1010 1010 1010 1010 1010 1010 1010 1010 1010 1010 1010 1010 
1010 1010 1010 1010 1010 1010 1010 1010 1010 1010 1010 1010 1010 1010 1010 1010 1010 1010 1010 1010 1010 1010 1010 1010 
1010 1010 1010 1010 1010 1010 1010 1010 1010 1010 1010 1010 1010 1010 1010 1010 1010 1010 1010 1010 1010 1010 1010 1010 
1010 1010 1010 1010 1010 1010 1010 1010 1010 68951068 68951068 68951068 68951068 1010 1010 1010 1010 1010 1010 1010 1010 1010 1010 1010 
1010 1010 1010 1010 1010 1010 1010 1010 1010 68951068 81583324 81583324 68951068 1010 1010 1010 1010 1010 1010 1010 1010 1010 1010 1010 
1010 1010 1010 1010 1010 1010 1010 1010 68951068 82372840 81583324 81583324 68951068 1010 1010 1010 1010 1010 1010 1010 1010 1010 1010 1010 
1010 1010 1010 1010 1010 1010 1010 1010 68951068 82372840 81583324 81583324 68951068 1010 1010 1010 1010 1010 1010 1010 1010 1010 1010 1010 
1010 1010 1010 1010 1010 1010 1010 1010 68951068 68951068 68951068 68951068 81583324 68951068 1010 1010 1010 1010 1010 1010 1010 1010 1010 1010 
1010 1010 1010 1010 1010 1010 1010 1010 1010 1010 1010 1010 68951068 81583324 68951068 1010 1010 1010 1010 1010 1010 1010 1010 1010 
1010 1010 1010 1010 1010 1010 1010 1010 1010 1010 1010 1010 1010 68951068 81583324 68951068 1010 1010 1010 1010 1010 1010 1010 1010 
1010 1010 1010 1010 1010 1010 1010 1010 1010 1010 1010 1010 1010 1010 68951068 81583324 68951068 68951068 68951068 68951068 1010 1010 1010 1010 
1010 1010 1010 1010 1010 1010 1010 1010 1010 1010 1010 1010 1010 1010 1010 68951068 82372840 81583324 78162088 68951068 1010 1010 1010 1010 
1010 1010 1010 1010 1010 1010 1010 1010 1010 1010 1010 1010 1010 1010 1010 68951068 82372840 81583324 78162088 68951068 1010 1010 1010 1010 
1010 1010 1010 1010 1010 1010 1010 1010 1010 1010 1010 1010 1010 1010 1010 68951068 82372840 81583324 68951068 68951068 1010 1010 1010 1010 
1010 1010 1010 1010 1010 1010 1010 1010 1010 1010 1010 1010 1010 1010 1010 68951068 68951068 68951068 68951068 1010 1010 1010 1010 1010 
1010 1010 1010 1010 1010 1010 1010 1010 1010 1010 1010 1010 1010 1010 1010 1010 1010 1010 1010 1010 1010 1010 1010 1010 
1010 1010 1010 1010 1010 1010 1010 1010 1010 1010 1010 1010 1010 1010 1010 1010 1010 1010 1010 1010 1010 1010 1010 1010 
1010 1010 1010 1010 1010 1010 1010 1010 1010 1010 1010 1010 1010 1010 1010 1010 1010 1010 1010 1010 1010 1010 1010 1010 
1010 1010 1010 1010 1010 1010 1010 1010 1010 1010 1010 1010 1010 1010 1010 1010 1010 1010 1010 1010 1010 1010 1010 1010 
1010 1010 1010 1010 1010 1010 1010 1010 1010 1010 1010 1010 1010 1010 1010 1010 1010 1010 1010 1010 1010 1010 1010 1010 
1010 1010 1010 1010 1010 1010 1010 1010 1010 1010 1010 1010 1010 1010 1010 1010 1010 1010 1010 1010 1010 1010 1010 1010 
