23	24
1010 1010 1010 1010 1010 1010 1010 1010 1010 1010 1010 72673364 67162116 1010 1010 1010 1010 1010 1010 1010 1010 1010 1010 1010 
1010 1010 1010 1010 1010 1010 1010 1010 1010 1010 1010 1010 72673364 67167236 67162116 1010 1010 1010 1010 1010 1010 1010 1010 1010 
1010 1010 1010 1010 1010 1010 1010 1010 1010 1010 1010 1010 1010 72673364 67167236 67162116 1010 1010 1010 1010 1010 1010 1010 1010 
1010 1010 1010 1010 1010 1010 1010 1010 1010 1010 1010 1010 1010 1010 72673364 67167236 67162116 1010 1010 1010 1010 1010 1010 1010 
1010 1010 1010 1010 1010 1010 1010 1010 1010 1010 1010 1010 1010 1010 72673364 72673364 67167236 67161092 1010 1010 1010 1010 1010 1010 
1010 1010 1010 1010 1010 1010 1010 1010 1010 1010 1010 1010 1010 1010 72673364 67167236 67167236 67167236 67162116 1010 1010 1010 1010 1010 
1010 1010 1010 1010 1010 1010 1010 1010 1010 1010 1010 1010 1010 72673364 67167236 67167236 67167236 67167236 67167236 67162116 1010 1010 1010 1010 
1010 1010 1010 1010 1010 1010 1010 1010 1010 1010 1010 1010 72673364 67167236 67167236 67167236 67167236 67167236 67167236 67167236 67167236 67167236 67167236 67167236 
1010 1010 1010 1010 1010 1010 1010 1010 1010 1010 1010 72673364 72673364 67167236 67167236 67167236 67167236 67167236 67167236 67167236 67163144 1010 1010 67167236 
1010 1010 1010 1010 1010 1010 1010 1010 1010 1010 72673364 67167236 67167236 67167236 67167236 67167236 67167236 67167236 67167236 67167236 1010 1010 1010 1010 
1010 1010 1010 1010 1010 1010 1010 1010 1010 72673364 67167236 67167236 67167236 67167236 67167236 67167236 67167236 67167236 67167236 67167236 67163140 67158020 1010 1010 
1010 1010 72673364 72673364 72673364 72673364 72673364 72673364 72673364 67167236 67167236 67167236 67167236 67167236 67167236 67167236 67167236 67167236 67167236 67163140 1010 67158020 1010 1010 
1010 72673364 67167236 67167236 67167240 67167236 67167236 67167236 67167236 67167236 67167236 67167236 67167236 67167236 67167236 67167236 67167236 67163140 67163140 1010 1010 1010 1010 1010 
1010 72673364 67167236 81062108 67167240 67167236 67167236 67167236 67167236 67167236 67167236 67167236 67167236 67167236 67167236 67163140 67163140 1010 1010 1010 1010 1010 1010 1010 
1010 72673364 67167236 67167236 67167236 67167236 67167236 67167236 67167236 67163140 67163140 67163140 67167236 67167236 67163140 1010 1010 1010 1010 1010 1010 1010 1010 1010 
1010 72673364 67167236 67167236 67167236 67167236 67167236 67167236 67167236 1010 1010 1010 67167236 1010 1010 1010 1010 1010 1010 1010 1010 1010 1010 1010 
1010 67167236 67167236 67167236 67167236 67167236 67167236 67167236 67167236 1010 1010 1010 67167236 67167236 1010 1010 1010 1010 1010 1010 1010 1010 1010 1010 
1010 67167236 67167236 67167236 67167236 67167236 67165192 1010 67167236 1010 1010 1010 1010 1010 1010 1010 1010 1010 1010 1010 1010 1010 1010 1010 
1010 67167236 67167236 67167236 67167236 67167236 67165192 1010 67167236 1010 1010 1010 1010 1010 1010 1010 1010 1010 1010 1010 1010 1010 1010 1010 
1010 67167236 67167236 67167236 67167236 67167236 67165192 1010 1010 1010 1010 1010 1010 1010 1010 1010 1010 1010 1010 1010 1010 1010 1010 1010 
1010 67167236 67167236 67167236 67167236 67167236 67165192 1010 1010 1010 1010 1010 1010 1010 1010 1010 1010 1010 1010 1010 1010 1010 1010 1010 
1010 67165192 67167236 67167236 67167236 67167236 67165192 1010 1010 1010 1010 1010 1010 1010 1010 1010 1010 1010 1010 1010 1010 1010 1010 1010 
1010 1010 67165192 67165192 67165192 67165192 67165192 1010 1010 1010 1010 1010 1010 1010 1010 1010 1010 1010 1010 1010 1010 1010 1010 1010 
