23	24
1010 1010 1010 1010 1010 1010 1010 1010 1010 1010 1010 7 7 1010 1010 1010 1010 1010 1010 1010 1010 1010 1010 1010 
1010 1010 1010 1010 1010 1010 1010 1010 1010 1010 1010 1010 7 7 8 1010 1010 1010 1010 1010 1010 1010 1010 1010 
1010 1010 1010 1010 1010 1010 1010 1010 1010 1010 1010 1010 1010 7 8 8 1010 1010 1010 1010 1010 1010 1010 1010 
1010 1010 1010 1010 1010 1010 1010 1010 1010 1010 1010 1010 1010 1010 74477680 8 8 1010 1010 1010 1010 1010 1010 1010 
1010 1010 1010 1010 1010 1010 1010 1010 1010 1010 1010 1010 1010 1010 74477680 8 8 8 1010 1010 1010 1010 1010 1010 
1010 1010 1010 1010 1010 1010 1010 1010 1010 1010 1010 1010 1010 1010 74477680 8 8 8 8 1010 1010 1010 1010 1010 
1010 1010 1010 1010 1010 1010 1010 1010 1010 1010 1010 1010 1010 74477680 8 8 8 14 14 8 1010 1010 1010 1010 
1010 1010 1010 1010 1010 1010 1010 1010 1010 1010 1010 1010 74477680 8 8 8 8 14 14 14 8 8 8 8 
1010 1010 1010 1010 1010 1010 1010 1010 1010 1010 1010 74477680 8 8 8 8 8 14 14 14 14 1010 1010 14 
1010 1010 1010 1010 1010 1010 1010 1010 1010 1010 74477680 8 8 8 8 8 8 14 14 14 1010 1010 1010 1010 
1010 1010 1010 1010 1010 1010 1010 1010 1010 1010 14 8 8 8 67641576 8 8 14 14 14 67160284 8 1010 1010 
1010 1010 74477680 74477680 74477680 74477680 74477680 74477680 74477680 74477680 14 14 8 8 67641576 8 8 14 14 67160284 1010 67160284 1010 1010 
1010 74477680 8 8 8 8 8 8 8 8 14 14 8 8 67641576 8 8 14 67160284 1010 1010 1010 1010 1010 
1010 74477680 8 82365480 8 8 8 8 8 8 14 14 7 8 67641576 69740584 69740584 67160284 1010 1010 1010 1010 1010 1010 
1010 8 8 8 8 8 8 8 8 8 14 14 7 69740584 67895424 1010 1010 1010 1010 1010 1010 1010 1010 1010 
1010 8 8 8 8 8 8 8 8 1010 1010 1010 7 1010 1010 1010 1010 1010 1010 1010 1010 1010 1010 1010 
1010 8 8 8 8 8 8 8 8 1010 1010 1010 7 7 1010 1010 1010 1010 1010 1010 1010 1010 1010 1010 
1010 8 8 8 8 8 8 1010 8 1010 1010 1010 1010 1010 1010 1010 1010 1010 1010 1010 1010 1010 1010 1010 
1010 8 8 8 8 8 8 1010 8 1010 1010 1010 1010 1010 1010 1010 1010 1010 1010 1010 1010 1010 1010 1010 
1010 8 8 8 8 8 8 1010 1010 1010 1010 1010 1010 1010 1010 1010 1010 1010 1010 1010 1010 1010 1010 1010 
1010 8 8 8 8 8 8 1010 1010 1010 1010 1010 1010 1010 1010 1010 1010 1010 1010 1010 1010 1010 1010 1010 
1010 8 8 8 8 8 8 1010 1010 1010 1010 1010 1010 1010 1010 1010 1010 1010 1010 1010 1010 1010 1010 1010 
1010 1010 8 8 8 8 8 1010 1010 1010 1010 1010 1010 1010 1010 1010 1010 1010 1010 1010 1010 1010 1010 1010 
