23	24
67156112 67165332 67146880 67158168 67139724 67139724 67132560 67132560 1010 1010 1010 1010 1010 1010 1010 1010 1010 1010 1010 1010 1010 1010 1010 1010 
67156112 67150940 67135640 67149988 67139736 67139724 67132560 1010 1010 1010 1010 1010 1010 1010 1010 1010 1010 1010 1010 1010 1010 1010 1010 1010 
67165332 67165332 67146880 67144856 67139724 67139724 67139724 67132560 1010 1010 1010 1010 1010 1010 1010 1010 1010 1010 1010 1010 1010 1010 1010 1010 
67156112 67165332 67135640 67135640 67139736 67139724 67132560 1010 1010 1010 1010 1010 1010 1010 1010 1010 1010 1010 1010 1010 1010 1010 1010 1010 
67156112 67165332 67146880 67144856 67139724 67139724 67139724 67132560 1010 1010 1010 1010 1010 1010 1010 1010 1010 1010 1010 1010 1010 1010 1010 1010 
67156112 67165332 67158168 67146880 67139736 67139724 67132560 1010 1010 1010 1010 1010 1010 1010 1010 1010 1010 1010 1010 1010 1010 1010 1010 1010 
67156112 67165332 67144856 67146880 67139724 67139736 67139724 67132560 1010 1010 1010 1010 1010 1010 1010 1010 1010 1010 1010 1010 1010 1010 1010 1010 
67156112 67150940 67144856 67146880 67139736 67139724 67132560 1010 1010 1010 1010 1010 1010 1010 1010 1010 1010 1010 1010 1010 1010 1010 1010 1010 
67156112 67165332 67158168 67144856 67139724 67139724 67139724 67132560 1010 1010 1010 1010 1010 1010 1010 1010 1010 1010 1010 1010 1010 1010 1010 1010 
67156112 67150940 67146880 67158168 67139736 67139736 67132560 1010 1010 1010 1010 1010 1010 1010 1010 1010 1010 1010 1010 1010 1010 1010 1010 1010 
67156112 67150940 67158168 67144836 67139724 67139724 67139736 67132560 1010 1010 1010 1010 1010 1010 1010 1010 1010 1010 1010 1010 1010 1010 1010 1010 
67156112 67150940 67158168 67149988 67139724 67139724 67132560 1010 1010 1010 1010 1010 1010 1010 1010 1010 1010 1010 1010 1010 1010 1010 1010 1010 
67156112 67150940 67146880 67144836 67139724 67139736 67139736 67132560 1010 1010 1010 1010 1010 1010 1010 1010 1010 1010 1010 1010 1010 1010 1010 1010 
67156112 67165332 67149988 67144856 67139724 67139724 67132560 1010 1010 1010 1010 1010 1010 1010 1010 1010 1010 1010 1010 1010 1010 1010 1010 1010 
67156112 67150940 67149988 67144856 67139724 67139724 67139736 67132560 1010 1010 1010 1010 1010 1010 1010 1010 1010 1010 1010 1010 1010 1010 1010 1010 
67156112 67150940 67146880 67149988 67139736 67139724 67132560 1010 1010 1010 1010 1010 1010 1010 1010 1010 1010 1010 1010 1010 1010 1010 1010 1010 
67156112 67165332 67149988 67149988 67139724 67139724 67139724 67132560 1010 1010 1010 1010 1010 1010 1010 1010 1010 1010 1010 1010 1010 1010 1010 1010 
67156112 67146880 67149988 67144856 67139724 67139724 67132560 1010 1010 1010 1010 1010 1010 1010 1010 1010 1010 1010 1010 1010 1010 1010 1010 1010 
67150940 67150940 67144856 67144836 67139724 67139736 67139736 67132560 1010 1010 1010 1010 1010 1010 1010 1010 1010 1010 1010 1010 1010 1010 1010 1010 
67156112 67165332 67146880 67144836 67139724 67139724 67132560 1010 1010 1010 1010 1010 1010 1010 1010 1010 1010 1010 1010 1010 1010 1010 1010 1010 
67165332 67150940 67144856 67144836 67139736 67139724 67139724 67132560 1010 1010 1010 1010 1010 1010 1010 1010 1010 1010 1010 1010 1010 1010 1010 1010 
67156112 67165332 67146880 67147924 67139724 67139724 67132560 1010 1010 1010 1010 1010 1010 1010 1010 1010 1010 1010 1010 1010 1010 1010 1010 1010 
67156112 67150940 67147924 67144856 67139724 67139724 67139736 67132560 1010 1010 1010 1010 1010 1010 1010 1010 1010 1010 1010 1010 1010 1010 1010 1010 
